50.00000000
46.56307044
42.86549283
38.91126858
34.94816121
31.64140854
28.71957658
26.19106488
24.15160462
21.82967262
19.85627881
18.39448089
17.13950490
15.71839813
14.66837883
14.10287771
13.30112554
12.54209169
11.87658037
11.10243603
9.90347026
8.15527158
4.88068667
4.49340283
4.24479314
4.04029590
3.81053618
3.59131343
3.41810410
3.27574635
3.15487889
3.05208093
2.96391407
2.88696791
2.81618670
2.74886784
2.68413796
2.62799852
2.57122086
2.51136930
2.46270293
2.40961150
2.36479239
2.31962444
2.27991966
2.23980622
2.20131864
2.16520289
2.12814277
2.09193401
